{
 "cells": [
  {
   "cell_type": "code",
   "execution_count": 23,
   "id": "6191766a-a25d-4f04-8f66-378e512f2018",
   "metadata": {
    "tags": []
   },
   "outputs": [],
   "source": [
    "import pandas as pd\n",
    "from sklearn.decomposition import PCA\n",
    "from sklearn.preprocessing import StandardScaler\n",
    "import matplotlib.pyplot as plt\n",
    "from sklearn.manifold import TSNE\n",
    "import seaborn as sns"
   ]
  },
  {
   "cell_type": "code",
   "execution_count": 7,
   "id": "44a3bc91-4ea1-48a2-ba9f-f6867365fe11",
   "metadata": {
    "tags": []
   },
   "outputs": [],
   "source": [
    "# Settings\n",
    "SEED = 42\n",
    "SAMPLE_SIZE = 100000\n",
    "PATH_CSV = './top_songs_largest.csv'\n",
    "pd.set_option('display.max_rows', None)\n",
    "pd.set_option('display.max_columns', None)\n",
    "pd.set_option('display.max_colwidth', None)"
   ]
  },
  {
   "cell_type": "code",
   "execution_count": 19,
   "id": "07fda354-26c2-4f80-86c4-635e097d5f73",
   "metadata": {
    "tags": []
   },
   "outputs": [
    {
     "data": {
      "text/plain": [
       "Index(['track_id', 'disc_number', 'duration', 'explicit', 'audio_feature_id',\n",
       "       'name', 'preview_url', 'track_number', 'popularity', 'is_playable',\n",
       "       'acousticness', 'analysis_url', 'danceability', 'energy',\n",
       "       'instrumentalness', 'key', 'liveness', 'loudness', 'mode',\n",
       "       'speechiness', 'tempo', 'time_signature', 'valence', 'artist',\n",
       "       'genre_id'],\n",
       "      dtype='object')"
      ]
     },
     "execution_count": 19,
     "metadata": {},
     "output_type": "execute_result"
    }
   ],
   "source": [
    "df = pd.read_csv(PATH_CSV, nrows=SAMPLE_SIZE)\n",
    "df.columns"
   ]
  },
  {
   "cell_type": "code",
   "execution_count": 20,
   "id": "a35885c2-53cb-406d-a64f-f3a60a842e5b",
   "metadata": {
    "tags": []
   },
   "outputs": [],
   "source": [
    "selected_cols = [\n",
    "    'popularity', 'duration', 'explicit', 'acousticness', 'danceability',\n",
    "    'energy', 'instrumentalness', 'key', 'liveness', 'loudness',\n",
    "    'speechiness','tempo', 'time_signature', 'valence'\n",
    "]\n",
    "df = df[selected_cols]"
   ]
  },
  {
   "cell_type": "code",
   "execution_count": 21,
   "id": "47665cd8-a5a5-47e3-bda5-aa703080b49a",
   "metadata": {
    "tags": []
   },
   "outputs": [
    {
     "data": {
      "text/html": [
       "<div>\n",
       "<style scoped>\n",
       "    .dataframe tbody tr th:only-of-type {\n",
       "        vertical-align: middle;\n",
       "    }\n",
       "\n",
       "    .dataframe tbody tr th {\n",
       "        vertical-align: top;\n",
       "    }\n",
       "\n",
       "    .dataframe thead th {\n",
       "        text-align: right;\n",
       "    }\n",
       "</style>\n",
       "<table border=\"1\" class=\"dataframe\">\n",
       "  <thead>\n",
       "    <tr style=\"text-align: right;\">\n",
       "      <th></th>\n",
       "      <th>popularity</th>\n",
       "      <th>duration</th>\n",
       "      <th>explicit</th>\n",
       "      <th>acousticness</th>\n",
       "      <th>danceability</th>\n",
       "      <th>energy</th>\n",
       "      <th>instrumentalness</th>\n",
       "      <th>key</th>\n",
       "      <th>liveness</th>\n",
       "      <th>loudness</th>\n",
       "      <th>speechiness</th>\n",
       "      <th>tempo</th>\n",
       "      <th>time_signature</th>\n",
       "      <th>valence</th>\n",
       "    </tr>\n",
       "  </thead>\n",
       "  <tbody>\n",
       "    <tr>\n",
       "      <th>popularity</th>\n",
       "      <td>1.000000</td>\n",
       "      <td>-0.051467</td>\n",
       "      <td>0.109561</td>\n",
       "      <td>-0.069704</td>\n",
       "      <td>0.091162</td>\n",
       "      <td>0.037814</td>\n",
       "      <td>-0.102714</td>\n",
       "      <td>-0.002865</td>\n",
       "      <td>-0.034193</td>\n",
       "      <td>0.097028</td>\n",
       "      <td>0.023305</td>\n",
       "      <td>0.009031</td>\n",
       "      <td>0.030281</td>\n",
       "      <td>0.019359</td>\n",
       "    </tr>\n",
       "    <tr>\n",
       "      <th>duration</th>\n",
       "      <td>-0.051467</td>\n",
       "      <td>1.000000</td>\n",
       "      <td>-0.102628</td>\n",
       "      <td>-0.068988</td>\n",
       "      <td>-0.143618</td>\n",
       "      <td>0.037570</td>\n",
       "      <td>0.026813</td>\n",
       "      <td>0.002077</td>\n",
       "      <td>0.025561</td>\n",
       "      <td>0.010331</td>\n",
       "      <td>-0.116190</td>\n",
       "      <td>-0.000130</td>\n",
       "      <td>0.018968</td>\n",
       "      <td>-0.124699</td>\n",
       "    </tr>\n",
       "    <tr>\n",
       "      <th>explicit</th>\n",
       "      <td>0.109561</td>\n",
       "      <td>-0.102628</td>\n",
       "      <td>1.000000</td>\n",
       "      <td>-0.159531</td>\n",
       "      <td>0.271468</td>\n",
       "      <td>0.084868</td>\n",
       "      <td>-0.158373</td>\n",
       "      <td>-0.002244</td>\n",
       "      <td>0.015351</td>\n",
       "      <td>0.148539</td>\n",
       "      <td>0.473358</td>\n",
       "      <td>0.010194</td>\n",
       "      <td>0.067265</td>\n",
       "      <td>-0.025332</td>\n",
       "    </tr>\n",
       "    <tr>\n",
       "      <th>acousticness</th>\n",
       "      <td>-0.069704</td>\n",
       "      <td>-0.068988</td>\n",
       "      <td>-0.159531</td>\n",
       "      <td>1.000000</td>\n",
       "      <td>-0.227467</td>\n",
       "      <td>-0.707263</td>\n",
       "      <td>0.290771</td>\n",
       "      <td>-0.018919</td>\n",
       "      <td>-0.088168</td>\n",
       "      <td>-0.578408</td>\n",
       "      <td>-0.114095</td>\n",
       "      <td>-0.157703</td>\n",
       "      <td>-0.171030</td>\n",
       "      <td>-0.212992</td>\n",
       "    </tr>\n",
       "    <tr>\n",
       "      <th>danceability</th>\n",
       "      <td>0.091162</td>\n",
       "      <td>-0.143618</td>\n",
       "      <td>0.271468</td>\n",
       "      <td>-0.227467</td>\n",
       "      <td>1.000000</td>\n",
       "      <td>0.179515</td>\n",
       "      <td>-0.270882</td>\n",
       "      <td>0.027067</td>\n",
       "      <td>-0.093565</td>\n",
       "      <td>0.306652</td>\n",
       "      <td>0.242683</td>\n",
       "      <td>-0.063134</td>\n",
       "      <td>0.195745</td>\n",
       "      <td>0.466136</td>\n",
       "    </tr>\n",
       "    <tr>\n",
       "      <th>energy</th>\n",
       "      <td>0.037814</td>\n",
       "      <td>0.037570</td>\n",
       "      <td>0.084868</td>\n",
       "      <td>-0.707263</td>\n",
       "      <td>0.179515</td>\n",
       "      <td>1.000000</td>\n",
       "      <td>-0.326431</td>\n",
       "      <td>0.032235</td>\n",
       "      <td>0.181913</td>\n",
       "      <td>0.754925</td>\n",
       "      <td>0.108774</td>\n",
       "      <td>0.200005</td>\n",
       "      <td>0.184623</td>\n",
       "      <td>0.369654</td>\n",
       "    </tr>\n",
       "    <tr>\n",
       "      <th>instrumentalness</th>\n",
       "      <td>-0.102714</td>\n",
       "      <td>0.026813</td>\n",
       "      <td>-0.158373</td>\n",
       "      <td>0.290771</td>\n",
       "      <td>-0.270882</td>\n",
       "      <td>-0.326431</td>\n",
       "      <td>1.000000</td>\n",
       "      <td>-0.016447</td>\n",
       "      <td>-0.054462</td>\n",
       "      <td>-0.550675</td>\n",
       "      <td>-0.128008</td>\n",
       "      <td>-0.099976</td>\n",
       "      <td>-0.128336</td>\n",
       "      <td>-0.277761</td>\n",
       "    </tr>\n",
       "    <tr>\n",
       "      <th>key</th>\n",
       "      <td>-0.002865</td>\n",
       "      <td>0.002077</td>\n",
       "      <td>-0.002244</td>\n",
       "      <td>-0.018919</td>\n",
       "      <td>0.027067</td>\n",
       "      <td>0.032235</td>\n",
       "      <td>-0.016447</td>\n",
       "      <td>1.000000</td>\n",
       "      <td>-0.000012</td>\n",
       "      <td>0.027143</td>\n",
       "      <td>0.018643</td>\n",
       "      <td>0.004573</td>\n",
       "      <td>0.008120</td>\n",
       "      <td>0.041809</td>\n",
       "    </tr>\n",
       "    <tr>\n",
       "      <th>liveness</th>\n",
       "      <td>-0.034193</td>\n",
       "      <td>0.025561</td>\n",
       "      <td>0.015351</td>\n",
       "      <td>-0.088168</td>\n",
       "      <td>-0.093565</td>\n",
       "      <td>0.181913</td>\n",
       "      <td>-0.054462</td>\n",
       "      <td>-0.000012</td>\n",
       "      <td>1.000000</td>\n",
       "      <td>0.091627</td>\n",
       "      <td>0.071528</td>\n",
       "      <td>0.010482</td>\n",
       "      <td>-0.001492</td>\n",
       "      <td>0.022343</td>\n",
       "    </tr>\n",
       "    <tr>\n",
       "      <th>loudness</th>\n",
       "      <td>0.097028</td>\n",
       "      <td>0.010331</td>\n",
       "      <td>0.148539</td>\n",
       "      <td>-0.578408</td>\n",
       "      <td>0.306652</td>\n",
       "      <td>0.754925</td>\n",
       "      <td>-0.550675</td>\n",
       "      <td>0.027143</td>\n",
       "      <td>0.091627</td>\n",
       "      <td>1.000000</td>\n",
       "      <td>0.098475</td>\n",
       "      <td>0.181396</td>\n",
       "      <td>0.184940</td>\n",
       "      <td>0.303568</td>\n",
       "    </tr>\n",
       "    <tr>\n",
       "      <th>speechiness</th>\n",
       "      <td>0.023305</td>\n",
       "      <td>-0.116190</td>\n",
       "      <td>0.473358</td>\n",
       "      <td>-0.114095</td>\n",
       "      <td>0.242683</td>\n",
       "      <td>0.108774</td>\n",
       "      <td>-0.128008</td>\n",
       "      <td>0.018643</td>\n",
       "      <td>0.071528</td>\n",
       "      <td>0.098475</td>\n",
       "      <td>1.000000</td>\n",
       "      <td>0.046181</td>\n",
       "      <td>0.055837</td>\n",
       "      <td>0.066650</td>\n",
       "    </tr>\n",
       "    <tr>\n",
       "      <th>tempo</th>\n",
       "      <td>0.009031</td>\n",
       "      <td>-0.000130</td>\n",
       "      <td>0.010194</td>\n",
       "      <td>-0.157703</td>\n",
       "      <td>-0.063134</td>\n",
       "      <td>0.200005</td>\n",
       "      <td>-0.099976</td>\n",
       "      <td>0.004573</td>\n",
       "      <td>0.010482</td>\n",
       "      <td>0.181396</td>\n",
       "      <td>0.046181</td>\n",
       "      <td>1.000000</td>\n",
       "      <td>0.028694</td>\n",
       "      <td>0.087318</td>\n",
       "    </tr>\n",
       "    <tr>\n",
       "      <th>time_signature</th>\n",
       "      <td>0.030281</td>\n",
       "      <td>0.018968</td>\n",
       "      <td>0.067265</td>\n",
       "      <td>-0.171030</td>\n",
       "      <td>0.195745</td>\n",
       "      <td>0.184623</td>\n",
       "      <td>-0.128336</td>\n",
       "      <td>0.008120</td>\n",
       "      <td>-0.001492</td>\n",
       "      <td>0.184940</td>\n",
       "      <td>0.055837</td>\n",
       "      <td>0.028694</td>\n",
       "      <td>1.000000</td>\n",
       "      <td>0.109786</td>\n",
       "    </tr>\n",
       "    <tr>\n",
       "      <th>valence</th>\n",
       "      <td>0.019359</td>\n",
       "      <td>-0.124699</td>\n",
       "      <td>-0.025332</td>\n",
       "      <td>-0.212992</td>\n",
       "      <td>0.466136</td>\n",
       "      <td>0.369654</td>\n",
       "      <td>-0.277761</td>\n",
       "      <td>0.041809</td>\n",
       "      <td>0.022343</td>\n",
       "      <td>0.303568</td>\n",
       "      <td>0.066650</td>\n",
       "      <td>0.087318</td>\n",
       "      <td>0.109786</td>\n",
       "      <td>1.000000</td>\n",
       "    </tr>\n",
       "  </tbody>\n",
       "</table>\n",
       "</div>"
      ],
      "text/plain": [
       "                  popularity  duration  explicit  acousticness  danceability  \\\n",
       "popularity          1.000000 -0.051467  0.109561     -0.069704      0.091162   \n",
       "duration           -0.051467  1.000000 -0.102628     -0.068988     -0.143618   \n",
       "explicit            0.109561 -0.102628  1.000000     -0.159531      0.271468   \n",
       "acousticness       -0.069704 -0.068988 -0.159531      1.000000     -0.227467   \n",
       "danceability        0.091162 -0.143618  0.271468     -0.227467      1.000000   \n",
       "energy              0.037814  0.037570  0.084868     -0.707263      0.179515   \n",
       "instrumentalness   -0.102714  0.026813 -0.158373      0.290771     -0.270882   \n",
       "key                -0.002865  0.002077 -0.002244     -0.018919      0.027067   \n",
       "liveness           -0.034193  0.025561  0.015351     -0.088168     -0.093565   \n",
       "loudness            0.097028  0.010331  0.148539     -0.578408      0.306652   \n",
       "speechiness         0.023305 -0.116190  0.473358     -0.114095      0.242683   \n",
       "tempo               0.009031 -0.000130  0.010194     -0.157703     -0.063134   \n",
       "time_signature      0.030281  0.018968  0.067265     -0.171030      0.195745   \n",
       "valence             0.019359 -0.124699 -0.025332     -0.212992      0.466136   \n",
       "\n",
       "                    energy  instrumentalness       key  liveness  loudness  \\\n",
       "popularity        0.037814         -0.102714 -0.002865 -0.034193  0.097028   \n",
       "duration          0.037570          0.026813  0.002077  0.025561  0.010331   \n",
       "explicit          0.084868         -0.158373 -0.002244  0.015351  0.148539   \n",
       "acousticness     -0.707263          0.290771 -0.018919 -0.088168 -0.578408   \n",
       "danceability      0.179515         -0.270882  0.027067 -0.093565  0.306652   \n",
       "energy            1.000000         -0.326431  0.032235  0.181913  0.754925   \n",
       "instrumentalness -0.326431          1.000000 -0.016447 -0.054462 -0.550675   \n",
       "key               0.032235         -0.016447  1.000000 -0.000012  0.027143   \n",
       "liveness          0.181913         -0.054462 -0.000012  1.000000  0.091627   \n",
       "loudness          0.754925         -0.550675  0.027143  0.091627  1.000000   \n",
       "speechiness       0.108774         -0.128008  0.018643  0.071528  0.098475   \n",
       "tempo             0.200005         -0.099976  0.004573  0.010482  0.181396   \n",
       "time_signature    0.184623         -0.128336  0.008120 -0.001492  0.184940   \n",
       "valence           0.369654         -0.277761  0.041809  0.022343  0.303568   \n",
       "\n",
       "                  speechiness     tempo  time_signature   valence  \n",
       "popularity           0.023305  0.009031        0.030281  0.019359  \n",
       "duration            -0.116190 -0.000130        0.018968 -0.124699  \n",
       "explicit             0.473358  0.010194        0.067265 -0.025332  \n",
       "acousticness        -0.114095 -0.157703       -0.171030 -0.212992  \n",
       "danceability         0.242683 -0.063134        0.195745  0.466136  \n",
       "energy               0.108774  0.200005        0.184623  0.369654  \n",
       "instrumentalness    -0.128008 -0.099976       -0.128336 -0.277761  \n",
       "key                  0.018643  0.004573        0.008120  0.041809  \n",
       "liveness             0.071528  0.010482       -0.001492  0.022343  \n",
       "loudness             0.098475  0.181396        0.184940  0.303568  \n",
       "speechiness          1.000000  0.046181        0.055837  0.066650  \n",
       "tempo                0.046181  1.000000        0.028694  0.087318  \n",
       "time_signature       0.055837  0.028694        1.000000  0.109786  \n",
       "valence              0.066650  0.087318        0.109786  1.000000  "
      ]
     },
     "execution_count": 21,
     "metadata": {},
     "output_type": "execute_result"
    }
   ],
   "source": [
    "df.corr(method=\"pearson\", numeric_only=True)"
   ]
  },
  {
   "cell_type": "code",
   "execution_count": 22,
   "id": "e408fcce-b345-4e52-b5b6-e01e2d229670",
   "metadata": {
    "tags": []
   },
   "outputs": [
    {
     "data": {
      "text/html": [
       "<div>\n",
       "<style scoped>\n",
       "    .dataframe tbody tr th:only-of-type {\n",
       "        vertical-align: middle;\n",
       "    }\n",
       "\n",
       "    .dataframe tbody tr th {\n",
       "        vertical-align: top;\n",
       "    }\n",
       "\n",
       "    .dataframe thead th {\n",
       "        text-align: right;\n",
       "    }\n",
       "</style>\n",
       "<table border=\"1\" class=\"dataframe\">\n",
       "  <thead>\n",
       "    <tr style=\"text-align: right;\">\n",
       "      <th></th>\n",
       "      <th>popularity</th>\n",
       "      <th>duration</th>\n",
       "      <th>explicit</th>\n",
       "      <th>acousticness</th>\n",
       "      <th>danceability</th>\n",
       "      <th>energy</th>\n",
       "      <th>instrumentalness</th>\n",
       "      <th>key</th>\n",
       "      <th>liveness</th>\n",
       "      <th>loudness</th>\n",
       "      <th>speechiness</th>\n",
       "      <th>tempo</th>\n",
       "      <th>time_signature</th>\n",
       "      <th>valence</th>\n",
       "    </tr>\n",
       "  </thead>\n",
       "  <tbody>\n",
       "    <tr>\n",
       "      <th>popularity</th>\n",
       "      <td>1.000000</td>\n",
       "      <td>-0.039438</td>\n",
       "      <td>0.098754</td>\n",
       "      <td>-0.042898</td>\n",
       "      <td>0.077414</td>\n",
       "      <td>0.020683</td>\n",
       "      <td>-0.093032</td>\n",
       "      <td>-0.004599</td>\n",
       "      <td>-0.018302</td>\n",
       "      <td>0.094517</td>\n",
       "      <td>0.036033</td>\n",
       "      <td>0.008576</td>\n",
       "      <td>0.031063</td>\n",
       "      <td>0.016392</td>\n",
       "    </tr>\n",
       "    <tr>\n",
       "      <th>duration</th>\n",
       "      <td>-0.039438</td>\n",
       "      <td>1.000000</td>\n",
       "      <td>-0.124533</td>\n",
       "      <td>-0.106289</td>\n",
       "      <td>-0.146459</td>\n",
       "      <td>0.062460</td>\n",
       "      <td>0.084931</td>\n",
       "      <td>0.008260</td>\n",
       "      <td>-0.011577</td>\n",
       "      <td>-0.000302</td>\n",
       "      <td>-0.183671</td>\n",
       "      <td>0.008386</td>\n",
       "      <td>0.030248</td>\n",
       "      <td>-0.116684</td>\n",
       "    </tr>\n",
       "    <tr>\n",
       "      <th>explicit</th>\n",
       "      <td>0.098754</td>\n",
       "      <td>-0.124533</td>\n",
       "      <td>1.000000</td>\n",
       "      <td>-0.118528</td>\n",
       "      <td>0.276973</td>\n",
       "      <td>0.051822</td>\n",
       "      <td>-0.220482</td>\n",
       "      <td>-0.000933</td>\n",
       "      <td>0.045447</td>\n",
       "      <td>0.119319</td>\n",
       "      <td>0.447501</td>\n",
       "      <td>0.011085</td>\n",
       "      <td>0.079281</td>\n",
       "      <td>-0.023853</td>\n",
       "    </tr>\n",
       "    <tr>\n",
       "      <th>acousticness</th>\n",
       "      <td>-0.042898</td>\n",
       "      <td>-0.106289</td>\n",
       "      <td>-0.118528</td>\n",
       "      <td>1.000000</td>\n",
       "      <td>-0.095182</td>\n",
       "      <td>-0.643728</td>\n",
       "      <td>0.045866</td>\n",
       "      <td>-0.014805</td>\n",
       "      <td>-0.077442</td>\n",
       "      <td>-0.495410</td>\n",
       "      <td>-0.160759</td>\n",
       "      <td>-0.167514</td>\n",
       "      <td>-0.157967</td>\n",
       "      <td>-0.132643</td>\n",
       "    </tr>\n",
       "    <tr>\n",
       "      <th>danceability</th>\n",
       "      <td>0.077414</td>\n",
       "      <td>-0.146459</td>\n",
       "      <td>0.276973</td>\n",
       "      <td>-0.095182</td>\n",
       "      <td>1.000000</td>\n",
       "      <td>0.084362</td>\n",
       "      <td>-0.178477</td>\n",
       "      <td>0.024656</td>\n",
       "      <td>-0.100663</td>\n",
       "      <td>0.144272</td>\n",
       "      <td>0.293313</td>\n",
       "      <td>-0.066893</td>\n",
       "      <td>0.163282</td>\n",
       "      <td>0.443099</td>\n",
       "    </tr>\n",
       "    <tr>\n",
       "      <th>energy</th>\n",
       "      <td>0.020683</td>\n",
       "      <td>0.062460</td>\n",
       "      <td>0.051822</td>\n",
       "      <td>-0.643728</td>\n",
       "      <td>0.084362</td>\n",
       "      <td>1.000000</td>\n",
       "      <td>-0.131543</td>\n",
       "      <td>0.028688</td>\n",
       "      <td>0.153621</td>\n",
       "      <td>0.740637</td>\n",
       "      <td>0.237377</td>\n",
       "      <td>0.186690</td>\n",
       "      <td>0.165864</td>\n",
       "      <td>0.341488</td>\n",
       "    </tr>\n",
       "    <tr>\n",
       "      <th>instrumentalness</th>\n",
       "      <td>-0.093032</td>\n",
       "      <td>0.084931</td>\n",
       "      <td>-0.220482</td>\n",
       "      <td>0.045866</td>\n",
       "      <td>-0.178477</td>\n",
       "      <td>-0.131543</td>\n",
       "      <td>1.000000</td>\n",
       "      <td>-0.004512</td>\n",
       "      <td>-0.073531</td>\n",
       "      <td>-0.340330</td>\n",
       "      <td>-0.184787</td>\n",
       "      <td>-0.045896</td>\n",
       "      <td>-0.071359</td>\n",
       "      <td>-0.204270</td>\n",
       "    </tr>\n",
       "    <tr>\n",
       "      <th>key</th>\n",
       "      <td>-0.004599</td>\n",
       "      <td>0.008260</td>\n",
       "      <td>-0.000933</td>\n",
       "      <td>-0.014805</td>\n",
       "      <td>0.024656</td>\n",
       "      <td>0.028688</td>\n",
       "      <td>-0.004512</td>\n",
       "      <td>1.000000</td>\n",
       "      <td>-0.005677</td>\n",
       "      <td>0.016824</td>\n",
       "      <td>0.031254</td>\n",
       "      <td>0.002509</td>\n",
       "      <td>0.007446</td>\n",
       "      <td>0.040297</td>\n",
       "    </tr>\n",
       "    <tr>\n",
       "      <th>liveness</th>\n",
       "      <td>-0.018302</td>\n",
       "      <td>-0.011577</td>\n",
       "      <td>0.045447</td>\n",
       "      <td>-0.077442</td>\n",
       "      <td>-0.100663</td>\n",
       "      <td>0.153621</td>\n",
       "      <td>-0.073531</td>\n",
       "      <td>-0.005677</td>\n",
       "      <td>1.000000</td>\n",
       "      <td>0.105128</td>\n",
       "      <td>0.051229</td>\n",
       "      <td>0.016440</td>\n",
       "      <td>0.010690</td>\n",
       "      <td>-0.008374</td>\n",
       "    </tr>\n",
       "    <tr>\n",
       "      <th>loudness</th>\n",
       "      <td>0.094517</td>\n",
       "      <td>-0.000302</td>\n",
       "      <td>0.119319</td>\n",
       "      <td>-0.495410</td>\n",
       "      <td>0.144272</td>\n",
       "      <td>0.740637</td>\n",
       "      <td>-0.340330</td>\n",
       "      <td>0.016824</td>\n",
       "      <td>0.105128</td>\n",
       "      <td>1.000000</td>\n",
       "      <td>0.182555</td>\n",
       "      <td>0.153457</td>\n",
       "      <td>0.127204</td>\n",
       "      <td>0.249841</td>\n",
       "    </tr>\n",
       "    <tr>\n",
       "      <th>speechiness</th>\n",
       "      <td>0.036033</td>\n",
       "      <td>-0.183671</td>\n",
       "      <td>0.447501</td>\n",
       "      <td>-0.160759</td>\n",
       "      <td>0.293313</td>\n",
       "      <td>0.237377</td>\n",
       "      <td>-0.184787</td>\n",
       "      <td>0.031254</td>\n",
       "      <td>0.051229</td>\n",
       "      <td>0.182555</td>\n",
       "      <td>1.000000</td>\n",
       "      <td>0.072544</td>\n",
       "      <td>0.093245</td>\n",
       "      <td>0.120224</td>\n",
       "    </tr>\n",
       "    <tr>\n",
       "      <th>tempo</th>\n",
       "      <td>0.008576</td>\n",
       "      <td>0.008386</td>\n",
       "      <td>0.011085</td>\n",
       "      <td>-0.167514</td>\n",
       "      <td>-0.066893</td>\n",
       "      <td>0.186690</td>\n",
       "      <td>-0.045896</td>\n",
       "      <td>0.002509</td>\n",
       "      <td>0.016440</td>\n",
       "      <td>0.153457</td>\n",
       "      <td>0.072544</td>\n",
       "      <td>1.000000</td>\n",
       "      <td>-0.018704</td>\n",
       "      <td>0.073346</td>\n",
       "    </tr>\n",
       "    <tr>\n",
       "      <th>time_signature</th>\n",
       "      <td>0.031063</td>\n",
       "      <td>0.030248</td>\n",
       "      <td>0.079281</td>\n",
       "      <td>-0.157967</td>\n",
       "      <td>0.163282</td>\n",
       "      <td>0.165864</td>\n",
       "      <td>-0.071359</td>\n",
       "      <td>0.007446</td>\n",
       "      <td>0.010690</td>\n",
       "      <td>0.127204</td>\n",
       "      <td>0.093245</td>\n",
       "      <td>-0.018704</td>\n",
       "      <td>1.000000</td>\n",
       "      <td>0.101496</td>\n",
       "    </tr>\n",
       "    <tr>\n",
       "      <th>valence</th>\n",
       "      <td>0.016392</td>\n",
       "      <td>-0.116684</td>\n",
       "      <td>-0.023853</td>\n",
       "      <td>-0.132643</td>\n",
       "      <td>0.443099</td>\n",
       "      <td>0.341488</td>\n",
       "      <td>-0.204270</td>\n",
       "      <td>0.040297</td>\n",
       "      <td>-0.008374</td>\n",
       "      <td>0.249841</td>\n",
       "      <td>0.120224</td>\n",
       "      <td>0.073346</td>\n",
       "      <td>0.101496</td>\n",
       "      <td>1.000000</td>\n",
       "    </tr>\n",
       "  </tbody>\n",
       "</table>\n",
       "</div>"
      ],
      "text/plain": [
       "                  popularity  duration  explicit  acousticness  danceability  \\\n",
       "popularity          1.000000 -0.039438  0.098754     -0.042898      0.077414   \n",
       "duration           -0.039438  1.000000 -0.124533     -0.106289     -0.146459   \n",
       "explicit            0.098754 -0.124533  1.000000     -0.118528      0.276973   \n",
       "acousticness       -0.042898 -0.106289 -0.118528      1.000000     -0.095182   \n",
       "danceability        0.077414 -0.146459  0.276973     -0.095182      1.000000   \n",
       "energy              0.020683  0.062460  0.051822     -0.643728      0.084362   \n",
       "instrumentalness   -0.093032  0.084931 -0.220482      0.045866     -0.178477   \n",
       "key                -0.004599  0.008260 -0.000933     -0.014805      0.024656   \n",
       "liveness           -0.018302 -0.011577  0.045447     -0.077442     -0.100663   \n",
       "loudness            0.094517 -0.000302  0.119319     -0.495410      0.144272   \n",
       "speechiness         0.036033 -0.183671  0.447501     -0.160759      0.293313   \n",
       "tempo               0.008576  0.008386  0.011085     -0.167514     -0.066893   \n",
       "time_signature      0.031063  0.030248  0.079281     -0.157967      0.163282   \n",
       "valence             0.016392 -0.116684 -0.023853     -0.132643      0.443099   \n",
       "\n",
       "                    energy  instrumentalness       key  liveness  loudness  \\\n",
       "popularity        0.020683         -0.093032 -0.004599 -0.018302  0.094517   \n",
       "duration          0.062460          0.084931  0.008260 -0.011577 -0.000302   \n",
       "explicit          0.051822         -0.220482 -0.000933  0.045447  0.119319   \n",
       "acousticness     -0.643728          0.045866 -0.014805 -0.077442 -0.495410   \n",
       "danceability      0.084362         -0.178477  0.024656 -0.100663  0.144272   \n",
       "energy            1.000000         -0.131543  0.028688  0.153621  0.740637   \n",
       "instrumentalness -0.131543          1.000000 -0.004512 -0.073531 -0.340330   \n",
       "key               0.028688         -0.004512  1.000000 -0.005677  0.016824   \n",
       "liveness          0.153621         -0.073531 -0.005677  1.000000  0.105128   \n",
       "loudness          0.740637         -0.340330  0.016824  0.105128  1.000000   \n",
       "speechiness       0.237377         -0.184787  0.031254  0.051229  0.182555   \n",
       "tempo             0.186690         -0.045896  0.002509  0.016440  0.153457   \n",
       "time_signature    0.165864         -0.071359  0.007446  0.010690  0.127204   \n",
       "valence           0.341488         -0.204270  0.040297 -0.008374  0.249841   \n",
       "\n",
       "                  speechiness     tempo  time_signature   valence  \n",
       "popularity           0.036033  0.008576        0.031063  0.016392  \n",
       "duration            -0.183671  0.008386        0.030248 -0.116684  \n",
       "explicit             0.447501  0.011085        0.079281 -0.023853  \n",
       "acousticness        -0.160759 -0.167514       -0.157967 -0.132643  \n",
       "danceability         0.293313 -0.066893        0.163282  0.443099  \n",
       "energy               0.237377  0.186690        0.165864  0.341488  \n",
       "instrumentalness    -0.184787 -0.045896       -0.071359 -0.204270  \n",
       "key                  0.031254  0.002509        0.007446  0.040297  \n",
       "liveness             0.051229  0.016440        0.010690 -0.008374  \n",
       "loudness             0.182555  0.153457        0.127204  0.249841  \n",
       "speechiness          1.000000  0.072544        0.093245  0.120224  \n",
       "tempo                0.072544  1.000000       -0.018704  0.073346  \n",
       "time_signature       0.093245 -0.018704        1.000000  0.101496  \n",
       "valence              0.120224  0.073346        0.101496  1.000000  "
      ]
     },
     "execution_count": 22,
     "metadata": {},
     "output_type": "execute_result"
    }
   ],
   "source": [
    "df.corr(method=\"spearman\", numeric_only=True)"
   ]
  },
  {
   "cell_type": "code",
   "execution_count": 32,
   "id": "f54f33ef-ff08-4456-9419-7ce981c2c008",
   "metadata": {
    "tags": []
   },
   "outputs": [
    {
     "data": {
